sample_data/teren5.txt
ncols         100
nrows         100
xllcorner     -477096.84122662
yllcorner     -1085068.0878617
cellsize      5
NODATA_value  -9999 
[rows 29 to 57 of 100, columns 0 to 65 of 100]
250 250 250 250 249.4961 248.7995 248.1418 247.4841 246.8264 246.1687 245.511 244.8343 244.0917 243.3492 242.6066 241.864 241.1214 240.476 240 240 240 240 240 240 240 239.9722 239.9319 239.8916 239.8513 239.9034 240.62 241.358 242.0959 242.8338 243.5718 244.3097 245.0822 246.3541 247.6261 248.8845 250.0942 251.1261 252.158 253.1663 254.0723 254.9783 255.7894 256.5981 257.4069 258.2156 259.0244 259.7003 260 260 260 260 260 260 260 260 260 260 260 260 260 260
250 250 250 249.7446 249.0868 248.4291 247.7714 247.1137 246.456 245.7983 245.1406 244.4161 243.6736 242.931 242.1884 241.4458 240.7032 240 239.9713 239.931 239.8907 239.8504 239.8101 239.7699 239.7296 239.6893 239.649 239.6087 239.5684 239.8141 240.4675 241.2553 242.0076 242.7455 243.4834 244.2214 244.9593 246.2019 247.4738 248.7458 249.9867 251.0207 252.016 252.922 253.828 254.734 255.5713 256.38 257.1888 257.9975 258.7903 259.4308 260 260 260 260 260 260 260 260 260 260 260 260 260 260
250 250 249.7992 249.3742 248.7165 248.0587 247.401 246.7433 246.0856 245.4279 244.7405 243.998 243.2554 242.5219 241.7909 241.06 240.3291 239.7926 239.6883 239.6481 239.6078 239.5675 239.5272 239.4869 239.4466 239.4064 239.3661 239.3258 239.2855 239.7247 240.3136 241.1013 241.8891 242.6572 243.3951 244.133 244.871 246.0496 247.3215 248.5935 249.8614 250.8657 251.7717 252.6777 253.5837 254.4897 255.3532 256.1619 256.9707 257.7794 258.5208 259.1613 259.8018 260 260 260 260 260 260 260 260 260 260 260 260 260
249.9996 249.6739 249.3482 249.0038 248.3461 247.6884 247.0307 246.3729 245.7152 245.0575 244.3542 243.6233 242.8923 242.1614 241.4305 240.6996 239.9838 239.6066 239.4054 239.3651 239.3249 239.2846 239.2443 239.204 239.1637 239.1234 239.0831 239.0429 239.178 239.6353 240.1596 240.9474 241.7352 242.5229 243.3068 244.0447 244.7826 245.8973 247.1693 248.4412 249.6479 250.6214 251.5274 252.4334 253.3394 254.2453 255.1351 255.9438 256.7526 257.5613 258.2513 258.8918 259.5323 260 260 260 260 260 260 260 260 260 260 260 260 260
249.5487 249.223 248.8973 248.5716 247.9757 247.318 246.6603 246.0026 245.3448 244.6682 243.9706 243.2628 242.5319 241.801 241.0701 240.3391 239.7978 239.4206 239.1225 239.0822 239.0419 239.0016 238.9614 238.9211 238.8808 238.8405 238.8002 238.7599 239.0887 239.546 240.0057 240.7935 241.5813 242.369 243.1568 243.9446 244.6943 245.745 247.009 248.1844 249.3599 250.4008 251.2831 252.1891 253.0951 254.001 254.907 255.7258 256.5345 257.3414 257.9819 258.6223 259.2628 259.9033 260 260 260 260 260 260 260 260 260 260 260 260
249.0978 248.772 248.4464 248.1206 247.6053 246.9476 246.2899 245.6322 244.9729 244.2753 243.5778 242.8802 242.1715 241.4405 240.7096 239.989 239.6118 239.2346 238.8574 238.7993 238.759 238.7187 238.6784 238.6382 238.5979 238.5576 238.5173 238.542 238.9993 239.4566 239.9139 240.6395 241.4273 242.2151 243.0029 243.7906 244.5784 245.5455 246.721 247.8965 249.0719 250.1852 251.0652 251.9452 252.8508 253.7567 254.6627 255.5077 256.3164 257.0719 257.7124 258.3528 258.9933 259.6338 260 260 260 260 260 260 260 260 260 260 260 260
248.6468 248.3211 247.9954 247.6697 247.2349 246.5772 245.9195 245.2618 244.5801 243.8825 243.1849 242.4874 241.7898 241.0801 240.3492 239.803 239.4258 239.0486 238.6714 238.5164 238.4761 238.4358 238.3955 238.3552 238.3149 238.2747 238.2344 238.4526 238.9099 239.3673 239.8246 240.4856 241.2734 242.0612 242.8489 243.6367 244.4245 245.3334 246.433 247.6085 248.7839 249.9594 250.8496 251.7296 252.6096 253.5124 254.4184 255.2896 256.0983 256.8024 257.4429 258.0833 258.7238 259.3643 260 260 260 260 260 260 260 260 260 260 260 260
248.2349 247.8702 247.5445 247.2188 246.8645 246.2068 245.5491 244.8848 244.1873 243.4897 242.7921 242.0945 241.397 240.6994 239.9942 239.617 239.2398 238.8626 238.4854 238.2334 238.1932 238.1529 238.1126 238.0723 238.032 237.9917 237.9514 238.3633 238.8206 239.2779 239.7352 240.3317 241.1194 241.9072 242.695 243.4828 244.2838 245.2181 246.1808 247.3205 248.496 249.6714 250.634 251.514 252.394 253.274 254.1741 255.0715 255.8802 256.5329 257.1734 257.8138 258.4543 259.0948 259.7353 260 260 260 260 260 260 260 260 260 260 260
247.8289 247.461 247.0935 246.7678 246.4421 245.8365 245.1787 244.492 243.7944 243.0968 242.3993 241.7017 241.0143 240.3885 239.794 239.431 239.0538 238.6766 238.2994 237.9505 237.9102 237.8699 237.8297 237.7894 237.7491 237.7088 237.8166 238.2739 238.7312 239.1886 239.6459 240.1777 240.9655 241.7533 242.5411 243.3288 244.1729 245.1029 246.0656 247.0325 248.208 249.3834 250.4184 251.2984 252.1784 253.0584 253.9384 254.8358 255.6229 256.2634 256.9039 257.5444 258.1848 258.8253 259.4658 260 260 260 260 260 260 260 260 260 260 260
247.4229 247.0551 246.6872 246.3194 245.9912 245.4661 244.7967 244.0992 243.4016 242.704 242.0663 241.4405 240.8148 240.1891 239.6207 239.2161 238.8678 238.4906 238.1133 237.7361 237.6273 237.587 237.5467 237.5065 237.4662 237.4259 237.7272 238.1846 238.6419 239.0992 239.5565 240.0238 240.8116 241.5994 242.3871 243.1749 244.0621 244.9881 245.9503 246.9131 247.92 249.0954 250.2028 251.0828 251.9628 252.8428 253.7228 254.6028 255.3534 255.9939 256.6344 257.2749 257.9153 258.5558 259.1963 259.8368 260 260 260 260 260 260 260 260 260 260
246.9632 246.6491 246.2813 245.9134 245.5456 245.0957 244.4039 243.744 243.1183 242.4926 241.8668 241.2411 240.6153 239.991 239.4475 238.904 238.6817 238.3045 237.9273 237.5501 237.3444 237.3041 237.2638 237.2235 237.1832 237.1806 237.6379 238.0952 238.5525 239.0098 239.4671 239.9245 240.6577 241.4454 242.2332 243.0252 243.9512 244.8772 245.8351 246.7978 247.7605 248.8075 249.9829 250.8672 251.7472 252.6272 253.5072 254.3753 255.1618 255.7409 256.3649 257.0054 257.6458 258.2863 258.9268 259.5673 260 260 260 260 260 260 260 260 260 260
246.4936 246.2431 245.8753 245.5074 245.1396 244.7679 244.1703 243.5446 242.9188 242.2931 241.6674 241.0416 240.4159 239.8177 239.2742 238.7307 238.3705 238.1185 237.7413 237.3641 237.0615 237.0212 236.9809 236.9406 236.9003 237.0912 237.5485 238.0058 238.4632 238.9205 239.3778 239.8351 240.5037 241.2915 242.0793 242.9143 243.8403 244.7664 245.7198 246.6826 247.6453 248.608 249.6949 250.6516 251.5316 252.4076 253.2746 254.1415 255.0057 255.5847 256.1638 256.7429 257.3763 258.0168 258.6573 259.2978 259.9383 260 260 260 260 260 260 260 260 260
246.0241 245.8175 245.4693 245.1015 244.7292 244.3552 243.9709 243.3451 242.7194 242.0937 241.4679 240.8422 240.2164 239.6445 239.101 238.5575 238.0348 237.8606 237.5553 237.1781 236.8009 236.7383 236.698 236.6577 236.6174 237.0018 237.4592 237.9165 238.3738 238.8311 239.2884 239.7457 240.3498 241.1376 241.9253 242.8035 243.7295 244.6555 245.6046 246.5673 247.53 248.4928 249.4555 250.436 251.3069 252.1739 253.0408 253.9077 254.7747 255.4286 256.0077 256.5868 257.1659 257.7473 258.3878 259.0283 259.6688 260 260 260 260 260 260 260 260 260
245.5545 245.3479 245.0634 244.6904 244.3165 243.9425 243.5685 243.1457 242.5199 241.8942 241.2685 240.6427 240.017 239.4713 238.9278 238.3843 237.8408 237.5249 237.3506 236.9921 236.6149 236.4553 236.415 236.3748 236.4552 236.9125 237.3698 237.8271 238.2844 238.7417 239.1991 239.6564 240.1959 240.9836 241.7714 242.6926 243.6186 244.5446 245.4893 246.452 247.4148 248.3775 249.3551 250.247 251.0732 251.9401 252.807 253.674 254.5409 255.2724 255.8515 256.4306 257.0097 257.5888 258.1679 258.7588 259.3993 260 260 260 260 260 260 260 260 260
245.0849 244.892 244.7086 244.2777 243.9037 243.5298 243.1558 242.7818 242.3205 241.6947 241.069 240.4433 239.8415 239.298 238.7545 238.211 237.6675 237.1893 237.015 236.8061 236.4289 236.1724 236.1321 236.0918 236.3658 236.8231 237.2804 237.7377 238.1951 238.6524 239.1097 239.567 240.0419 240.8297 241.6557 242.5818 243.5078 244.4338 245.3741 246.3368 247.2995 248.3266 249.3831 250.2638 250.8977 251.7063 252.5733 253.4402 254.3071 255.1163 255.6954 256.2744 256.8535 257.4326 258.0117 258.5908 259.1699 259.7703 260 260 260 260 260 260 260 260
244.6585 244.4751 244.2917 244.0208 243.5738 243.1268 242.7431 242.3691 241.9951 241.4953 240.8696 240.2438 239.6683 239.1248 238.5813 238.0378 237.4943 236.9508 236.6793 236.5051 236.2429 235.8895 235.8492 235.8191 236.2764 236.7337 237.1911 237.6484 238.1057 238.563 239.0203 239.4777 239.935 240.6758 241.5449 242.4709 243.3969 244.3229 245.2588 246.2416 247.2981 248.3546 249.4111 250.2806 250.9145 251.5484 252.3395 253.2064 254.0733 254.9403 255.5392 256.1183 256.6974 257.2765 257.8556 258.4347 259.0137 259.5977 260 260 260 260 260 260 260 260
244.2415 244.0581 243.8747 243.6913 243.3221 242.8751 242.4281 241.9811 241.5824 241.2084 240.6701 240.0444 239.4951 238.9516 238.4081 237.8646 237.3211 236.7776 236.3437 236.1694 235.9952 235.6797 235.5663 235.7298 236.1871 236.6444 237.1017 237.559 238.0163 238.4737 238.931 239.3883 239.8456 240.5218 241.434 242.36 243.2861 244.2215 245.2131 246.2696 247.3261 248.3826 249.4391 250.2974 250.9313 251.5652 252.1991 252.9726 253.8396 254.7065 255.3831 255.9621 256.5412 257.1203 257.6994 258.2785 258.8764 259.4898 260 260 260 260 260 260 260 260
243.8691 243.6412 243.4578 243.2744 243.0704 242.6234 242.1764 241.7294 241.2824 240.8354 240.4217 239.8653 239.3218 238.7783 238.2348 237.6913 237.1478 236.6043 236.0608 235.8338 235.6595 235.4852 235.2833 235.6404 236.0977 236.555 237.0123 237.4697 237.927 238.3843 238.8416 239.2989 239.7563 240.3971 241.3232 242.2967 243.2717 244.2468 245.2405 246.2977 247.3542 248.4107 249.4672 250.3142 250.9481 251.582 252.2159 252.8498 253.6058 254.4727 255.2269 255.806 256.3851 256.9642 257.5432 258.1551 258.7685 259.3818 259.9952 260 260 260 260 260 260 260
243.5341 243.2817 243.0408 242.8574 242.674 242.3717 241.9247 241.4777 241.0307 240.5837 240.1367 239.6554 239.1307 238.6051 238.0616 237.5181 236.9746 236.4311 235.8876 235.4981 235.3238 235.1496 235.0937 235.5256 235.9395 236.3533 236.7672 237.181 237.5949 238.0087 238.4623 239.0545 239.6467 240.3719 241.347 242.322 243.2971 244.2721 245.268 246.3253 247.3822 248.4387 249.4952 250.331 250.9649 251.5988 252.2327 252.8666 253.5005 254.239 255.0707 255.6498 256.2289 256.8204 257.4338 258.0471 258.6605 259.2739 259.8872 260 260 260 260 260 260 260
243.199 242.9467 242.6943 242.442 242.2571 242.0737 241.673 241.226 240.779 240.332 239.8754 239.3907 238.8728 238.3481 237.8234 237.2987 236.7739 236.2492 235.7144 235.1709 235 235 235 235 235 235.5429 236.1351 236.7273 237.3195 237.9117 238.5038 239.096 239.6882 240.4346 241.3723 242.3474 243.3224 244.2975 245.2955 246.3527 247.41 248.4667 249.5232 250.3478 250.9817 251.6156 252.2495 252.8835 253.5174 254.1513 254.8721 255.4937 256.0991 256.7125 257.3258 257.9392 258.5526 259.1659 259.7793 260 260 260 260 260 260 260
242.864 242.6116 242.3593 242.1069 241.8546 241.6567 241.4213 240.9743 240.5273 240.0803 239.6024 239.1178 238.6149 238.0901 237.5654 237.0407 236.516 235.9913 235.4666 235 235 235 235 235 235 235.5844 236.1766 236.7688 237.361 237.9532 238.5454 239.1376 239.7298 240.4991 241.4169 242.3727 243.3478 244.3228 245.323 246.3802 247.4375 248.4947 249.5512 250.3646 250.9986 251.6325 252.2664 252.9003 253.5342 254.1681 254.8059 255.4321 256.0531 256.6742 257.2953 257.9164 258.5374 259.1585 259.7686 260 260 260 260 260 260 260
242.4528 242.2766 242.0242 241.7719 241.5195 241.2672 241.0564 240.7226 240.2756 239.8141 239.3295 238.8449 238.3569 237.8322 237.3075 236.7828 236.2581 235.7334 235.2087 235 235 235 235 235 235 235.5811 236.2182 236.8104 237.4026 237.9948 238.587 239.1792 239.7714 240.5635 241.4813 242.3991 243.3731 244.3482 245.3505 246.4077 247.4649 248.5222 249.5793 250.3815 251.0154 251.6493 252.2859 252.9237 253.5616 254.1994 254.8373 255.4627 256.0837 256.7048 257.3259 257.947 258.5681 259.1742 259.7759 260 260 260 260 260 260 260
242.0307 241.9415 241.6892 241.4369 241.1845 240.9322 240.6798 240.456 240.0238 239.5412 239.0566 238.572 238.0873 237.5743 237.0496 236.5249 236.0002 235.4755 235 235 235 235 235 235 235 235.5777 236.2195 236.8519 237.4441 238.0363 238.6285 239.2207 239.8129 240.6279 241.5457 242.4635 243.3985 244.3735 245.3779 246.4352 247.4924 248.5497 249.6069 250.4037 251.0416 251.6794 252.3173 252.9552 253.593 254.2309 254.8687 255.4933 256.1143 256.7354 257.3565 257.9776 258.5799 259.1816 259.7833 260 260 260 260 260 260 260
241.6086 241.6065 241.3542 241.1018 240.8495 240.5971 240.3448 240.0924 239.7529 239.2683 238.7837 238.2991 237.8144 237.3164 236.7917 236.267 235.7423 235.2176 235 235 235 235 235 235 235 235.5743 236.2161 236.8579 237.4857 238.0779 238.6701 239.2623 239.8545 240.6923 241.6101 242.528 243.4458 244.3989 245.4054 246.4627 247.5199 248.6342 249.7886 250.4902 251.0904 251.7109 252.3487 252.9866 253.6245 254.2623 254.9002 255.5239 256.145 256.766 257.3839 257.9856 258.5872 259.1889 259.7906 260 260 260 260 260 260 260
241.1866 241.1872 241.0191 240.7668 240.5144 240.2621 240.0097 239.7107 239.375 238.9904 238.5108 238.0262 237.5415 237.0569 236.5338 236.0091 235.4844 235 235 235 235 235 235 235 235 235.571 236.2128 236.8546 237.4963 238.1195 238.7117 239.3038 239.8961 240.7567 241.6745 242.5924 243.5102 244.428 245.4329 246.5117 247.6661 248.8204 249.9748 250.587 251.1871 251.7873 252.3874 253.018 253.6559 254.2937 254.9316 255.5545 256.1756 256.7896 257.3912 257.9929 258.5946 259.1963 259.798 260 260 260 260 260 260 260
240.7645 240.7652 240.6841 240.4317 240.1794 239.913 239.6121 239.3112 238.9756 238.591 238.2065 237.7532 237.2686 236.784 236.2759 235.7511 235.2264 235 235 235 235 235 235 235 235 235.5676 236.2094 236.8512 237.493 238.1348 238.7532 239.3454 239.9376 240.8211 241.739 242.6568 243.5746 244.4925 245.5435 246.6979 247.8522 249.0066 250.0837 250.6838 251.2839 251.8841 252.4842 253.0843 253.6873 254.3252 254.963 255.5851 256.1952 256.7969 257.3986 258.0003 258.602 259.2036 259.8053 260 260 260 260 260 260 260
240.3424 240.3431 240.3438 240.0967 239.8144 239.5135 239.2126 238.9117 238.5762 238.1917 237.8071 237.4226 236.9957 236.5111 236.0179 235.4932 235 235 235 235 235 235 235 235 235 235.5642 236.206 236.8478 237.4896 238.1314 238.7732 239.387 239.9792 240.8856 241.8034 242.7212 243.729 244.7481 245.7597 246.884 248.0384 249.1927 250.1805 250.7806 251.3807 251.9808 252.581 253.1811 253.7812 254.3814 254.9945 255.6009 256.2026 256.8043 257.4059 258.0076 258.6093 259.211 259.8127 260 260 260 260 260 260 260
239.8964 239.8973 239.8982 239.7158 239.4149 239.114 238.8131 238.5122 238.1768 237.7923 237.4077 237.0232 236.6386 236.2381 235.7535 235.2353 235 235 235 235 235 235 235 235 235 235.5609 236.2027 236.8444 237.4862 238.128 238.7698 239.4116 240.0321 240.95 241.9525 242.9717 243.9909 245.01 246.019 247.0702 248.2245 249.3789 250.2772 250.8774 251.4775 252.0776 252.6777 253.2779 253.878 254.5031 255.1261 255.6477 256.2099 256.8116 257.4133 258.015 258.6167 259.2184 259.82 260 260 260 260 260 260 260
239.3475 239.3484 239.3667 239.311 239.0154 238.7144 238.4136 238.1127 237.7774 237.3929 237.0083 236.6238 236.2393 235.8547 235.4702 235 235 235 235 235 235 235 235 235 235 235.5575 236.1993 236.8411 237.4828 238.1246 238.7664 239.4099 240.1947 241.1953 242.2145 243.2336 244.2528 245.2693 246.2783 247.2873 248.4107 249.5651 250.374 250.9742 251.5743 252.1744 252.7745 253.389 254.0443 254.6997 255.2826 255.8042 256.3258 256.8474 257.4207 258.0223 258.624 259.2257 259.8274 260 260 260 260 260 259.8874 259.7217
