sample_data/teren5.txt
ncols         100
nrows         100
xllcorner     -477096.84122662
yllcorner     -1085068.0878617
cellsize      5
NODATA_value  -9999 
[rows 0 to 28 of 100, columns 0 to 65 of 100]
249.3682 250.007 250.8287 251.6906 252.6138 253.537 254.4602 255 255 255 255 255 255 255 255 255 255 255 255 255 255 254.9694 254.1986 253.1826 252.1666 251.1507 250.1347 249.3422 248.5839 247.8255 247.4198 247.3617 247.3402 247.3187 247.2971 247.2824 247.3543 247.9513 248.7144 249.4776 250.2828 251.1794 252.076 252.9726 253.8692 254.7658 255.2813 255.6731 256.0648 256.4566 256.8484 257.2434 257.6503 258.0572 258.4641 258.8711 259.278 259.6849 260 259.9244 259.7842 259.644 259.5038 259.3636 259.2234 259.0325
249.7074 250.4443 251.266 252.0924 253.0156 253.9388 254.862 255 255 255 255 255 255 255 255 255 255 255 255 255 255 254.4994 253.7968 252.8961 251.8802 250.8642 249.8867 249.1284 248.37 247.6117 247.0225 246.7984 246.7768 246.7553 246.7337 246.7716 246.8829 247.6461 248.4092 249.1876 250.1223 251.0261 251.9299 252.8337 253.7375 254.753 255.7042 256.2276 256.7386 257.2307 257.6377 258.0446 258.4515 258.8584 259.2654 259.6723 260 260 260 260 260 260 259.9943 259.8541 259.7138 259.453
250.06 250.8816 251.7032 252.5249 253.4173 254.3405 255 255 255 255 255 255 255 255 255 255 255 255 255 255 254.7319 254.0294 253.3268 252.6097 251.5937 250.5777 249.6729 248.9145 248.1562 247.3979 246.6395 246.3259 246.2134 246.1919 246.189 246.2609 246.5777 247.3408 248.1469 249.0864 250.0249 250.9287 251.8325 252.737 253.7812 254.8254 255.7682 256.6241 257.135 257.646 258.1569 258.6678 259.1787 259.6597 260 260 260 260 260 260 260 260 260 260 260 259.7544
250.4972 251.3189 252.1405 252.9621 253.819 254.7422 255 255 255 255 255 255 255 255 255 255 255 255 255 254.7804 254.2147 253.5593 252.8567 252.1542 251.3072 250.2912 249.459 248.7007 247.9424 247.184 246.4257 245.9285 245.6501 245.6285 245.6782 245.7501 246.2724 247.1061 248.0456 248.9851 249.9246 250.8313 251.7652 252.8094 253.8536 254.8978 255.8322 256.7546 257.5315 258.0424 258.5534 259.0643 259.5753 260 260 260 260 260 260 260 260 260 260 260 260 260
250.9345 251.7561 252.5778 253.3994 254.221 255 255 255 255 255 255 255 255 255 255 255 255 255 254.5995 254.129 253.5651 252.9492 252.3332 251.6841 250.9816 250.0047 249.2452 248.4869 247.7285 246.9702 246.2119 245.5311 245.2319 245.0955 245.1674 245.2393 246.0653 247.0048 247.9443 248.8839 249.8234 250.7935 251.8376 252.8818 253.926 254.9702 255.8961 256.8186 257.741 258.439 258.9499 259.4608 259.9717 260 260 260 260 260 260 260 260 260 260 260 260 260
251.3718 252.1934 253.015 253.8367 254.6583 255 255 255 255 255 255 255 255 255 255 255 254.8891 254.4186 253.948 253.4775 252.9154 252.2995 251.6836 251.0676 250.4517 249.7897 249.0314 248.2731 247.5147 246.7564 245.998 245.2397 245 245 245 245 245.8035 246.7344 247.6654 248.5964 249.7663 250.8659 251.91 252.9542 253.9984 255.0376 255.9601 256.8825 257.805 258.7274 259.3464 259.8573 260 260 260 260 260 260 260 260 260 260 260 260 260 260
251.3697 252.1811 252.9925 253.8039 254.6152 255 255 255 255 255 255 255 255 255 255 254.7082 254.2377 253.7671 253.2966 252.826 252.2657 251.6498 251.0339 250.418 249.8313 249.213 248.4609 247.7089 246.9568 246.2047 245.4527 245 245 245 245 245 245.4236 246.3546 247.2856 248.5222 249.8478 250.934 251.9825 253.0266 254.0708 255.1243 256.1328 257.0144 257.8961 258.7914 259.7138 260 260 260 260 260 260 260 260 260 260 260 260 260 260 260
251.403 252.0969 252.9083 253.7197 254.531 255 255 255 255 255 255 255 255 255 254.6221 254.0567 253.5862 253.1156 252.6451 252.1745 251.6161 251.0001 250.3842 249.8025 249.2775 248.6294 247.8773 247.1253 246.3732 245.6211 245 245 245 245 245 245 245.0438 245.9747 247.2781 248.6037 249.9294 250.9989 252.0541 253.0991 254.1432 255.2025 256.3306 257.3216 258.2032 259.0849 259.9665 260 260 260 260 260 260 260 260 260 260 260 260 260 260 260
251.6274 252.1902 252.8241 253.6355 254.4468 255 255 255 255 255 255 255 255 254.7453 254.1547 253.5642 252.9736 252.4642 251.9936 251.5231 250.9664 250.3505 249.7737 249.2487 248.7237 248.0458 247.2937 246.5416 245.7896 245.0375 245 245 245 245 245 245 245 246.034 247.3596 248.6853 250.0087 251.0638 252.119 253.1715 254.2157 255.2807 256.4088 257.537 258.5104 259.3921 260 260 260 260 260 260 260 260 260 260 260 260 260 260 260 260
251.8519 252.4147 252.9775 253.5512 254.3626 255 255 255 255 255 255 255 254.8685 254.2779 253.6874 253.0968 252.5063 251.9158 251.3422 250.8716 250.3167 249.745 249.22 248.695 248.17 247.4621 246.7101 245.958 245.206 245 245 245 245 245 245 245 245 246.116 247.4412 248.7668 250.0736 251.1288 252.1839 253.2391 254.2881 255.359 256.4871 257.6152 258.7433 259.6992 260 260 260 260 260 260 260 260 260 260 260 260 260 260 260 260
252.0764 252.6392 253.202 253.7647 254.3275 255 255 255 255 255 255 254.9916 254.4011 253.8106 253.22 252.6295 252.0389 251.4484 250.8579 250.2673 249.7162 249.1912 248.6662 248.1412 247.6162 246.8785 246.1265 245.3744 245 245 245 245 245 245 245 245 245 246.1992 247.5228 248.8483 250.1385 251.1936 252.2488 253.304 254.3591 255.4372 256.5653 257.6934 258.8216 259.9514 260 260 260 260 260 260 260 260 260 260 260 260 260 260 260 260
252.3009 252.8636 253.4264 253.9796 254.4218 254.864 255 255 255 255 254.9175 254.4618 253.8592 253.2567 252.6541 252.0515 251.4489 250.8464 250.2438 249.6874 249.1624 248.6374 248.1124 247.5874 247.047 246.2949 245.5428 245 245 245 245 245 245 245 245 245 245 246.2824 247.6059 248.9299 250.2034 251.2586 252.3137 253.3689 254.4254 255.5197 256.6496 257.7796 258.9095 260 260 260 260 260 260 260 260 260 260 260 260 260 260 260 260 260
252.2523 252.6945 253.1367 253.5789 254.0211 254.4633 254.9055 255 254.8421 254.5657 254.2894 253.8262 253.2236 252.6211 252.0185 251.4159 250.8134 250.2108 249.6586 249.1337 248.6086 248.0836 247.5586 247.0336 246.4634 245.7113 245 245 245 245 245 245 245 245 245 245 245.042 246.3655 247.6891 249.0126 250.2683 251.3252 252.3831 253.4409 254.4988 255.6023 256.7377 257.8676 258.9976 260 260 260 260 260 260 260 260 260 260 260 260 260 260 260 260 260
251.4834 251.9208 252.3583 252.7957 253.2332 253.6706 254.1081 254.4903 254.2139 253.9376 253.6613 253.1906 252.588 251.9855 251.3829 250.7803 250.1778 249.6299 249.1049 248.5799 248.0549 247.5299 247.0049 246.4799 245.8797 245.1277 245 245 245 245 245 245 245 245 245 245 245.1251 246.4487 247.7722 249.0954 250.3361 251.3985 252.4564 253.5143 254.5722 255.6817 256.8258 257.9557 259.0857 260 260 260 260 260 260 260 260 260 260 260 260 260 260 260 260 260
250.4363 250.8737 251.3112 251.7487 252.1861 252.6236 253.061 253.4985 253.5858 253.3095 253.0332 252.555 251.9525 251.3499 250.7473 250.1447 249.6011 249.0761 248.5511 248.0261 247.5011 246.9761 246.4511 245.9261 245.2961 245 245 245 245 245 245 245 245 245 245 245 245.2083 246.5318 247.8548 249.1768 250.4016 251.4661 252.5298 253.5877 254.6455 255.761 256.9056 258.0439 259.1738 260 260 260 260 260 260 260 260 260 260 260 260 260 260 260 260 260
250 250 250.2641 250.7016 251.1391 251.5765 252.014 252.4514 252.8889 252.6814 252.4051 251.9194 251.3168 250.7143 250.1117 249.5723 249.0473 248.5223 247.9973 247.4723 246.9473 246.4223 245.8973 245.3723 245 245 245 245 245 245 245 245 245 245 245 245 245.2915 246.614 247.9361 249.2581 250.4671 251.5315 252.596 253.6604 254.7189 255.8404 256.985 258.1295 259.2619 260 260 260 260 260 260 260 260 260 260 260 260 260 260 260 260 260
250 250 250 250 250.092 250.5294 250.9669 251.4044 251.8418 252.0533 251.777 251.2838 250.6813 250.0787 249.5436 249.0186 248.4936 247.9686 247.4436 246.9186 246.3936 245.8638 245.3189 244.7754 244.6219 244.6305 244.6391 244.6476 244.6562 244.6648 244.6734 244.682 244.6906 244.6991 244.7077 244.7163 245.3737 246.6954 248.0174 249.3394 250.5326 251.597 252.6615 253.7259 254.7904 255.9198 257.0643 258.2089 259.35 260 260 260 260 260 260 260 260 260 260 260 260 260 260 260 260 260
250 250 250 250 250 250 250 250.3573 250.7948 251.2322 251.1488 250.6482 250.0457 249.5148 248.9898 248.4648 247.9398 247.4126 246.8677 246.3227 245.7778 245.2329 244.69 244.1629 244.051 244.0596 244.0682 244.0768 244.0853 244.0939 244.1025 244.1111 244.1197 244.1283 244.1504 244.664 245.4567 246.7769 248.0987 249.4207 250.598 251.6625 252.7269 253.7936 254.864 255.9992 257.1437 258.2882 259.4328 260 260 260 260 260 260 260 260 260 260 260 260 260 260 260 260 260
250 250 250 250 250 250 250 250 250 250.1852 250.5207 250.0126 249.486 248.961 248.4164 247.8715 247.3266 246.7816 246.2367 245.6918 245.1469 244.6045 244.0631 243.6298 243.4808 243.4887 243.4973 243.5059 243.5145 243.523 243.5316 243.5402 243.5488 243.669 244.1827 244.6963 245.5396 246.8599 248.1802 249.502 250.6635 251.728 252.7974 253.8678 254.9382 256.0785 257.2231 258.3676 259.4041 260 260 260 260 260 260 260 260 260 260 260 260 260 260 260 260 260
250 250 250 250 250 250 250 250 250 250 250 249.4203 248.8754 248.3304 247.7855 247.2406 246.6956 246.1507 245.6058 245.0608 244.519 243.9776 243.4362 243.0967 242.9477 242.9178 242.9264 242.935 242.9436 242.9521 242.9607 242.9693 243.1877 243.7013 244.2149 244.7286 245.6226 246.9429 248.2632 249.5835 250.7309 251.8013 252.8717 253.9421 255.0134 256.1579 257.3024 258.3002 259.2019 260 260 260 260 260 260 260 260 260 260 260 260 260 260 260 260 260
250 250 250 250 250 250 250 250 250 250 249.5617 248.8315 248.2444 247.6995 247.1545 246.6096 246.0647 245.5197 244.975 244.4336 243.8922 243.3508 242.8094 242.5636 242.4146 242.3469 242.3555 242.3641 242.3727 242.3813 242.3898 242.7063 243.22 243.7336 244.2472 244.7608 245.7055 247.0258 248.3461 249.6656 250.8015 251.8754 252.9459 254.0163 255.0927 256.2373 257.1964 258.0981 258.9997 259.9013 260 260 260 260 260 260 260 260 260 260 260 260 260 260 260 260
250 250 250 250 250 250 250 250 250 249.7978 249.0676 248.3375 247.6135 247.0685 246.5236 245.9787 245.4337 244.8895 244.3481 243.8067 243.2653 242.7239 242.1825 242.0306 241.8816 241.7761 241.7846 241.7932 241.8018 241.8104 242.225 242.7386 243.2522 243.7659 244.2795 244.7931 245.7885 247.1088 248.4283 249.7467 250.8676 251.9415 253.0154 254.0893 255.1721 256.0925 256.9942 257.8958 258.7975 259.6991 260 260 260 260 260 260 260 260 260 260 260 260 260 260 260 260
250 250 250 250 250 250 250 250 250 249.3037 248.5735 247.8434 247.1133 246.4376 245.8927 245.3477 244.8041 244.2627 243.7213 243.1799 242.6385 242.0971 241.6465 241.4975 241.3485 241.2052 241.2137 241.2223 241.2309 241.7436 242.2572 242.7709 243.2845 243.7981 244.3118 244.8254 245.8714 247.1909 248.5094 249.7621 250.8441 251.9011 252.9581 254.0151 255.0554 255.8903 256.792 257.6936 258.5953 259.4969 260 260 260 260 260 260 260 260 260 260 260 260 260 260 260 260
250 250 250 250 250 250 250 250 249.5398 248.8096 248.0795 247.3493 246.6192 245.8891 245.2617 244.7186 244.1772 243.6358 243.0944 242.553 242.0116 241.4702 241.1134 240.9644 240.8154 240.6664 240.6429 240.7486 241.2623 241.7759 242.2895 242.8031 243.3168 243.8304 244.344 244.8577 245.9536 247.1816 248.4092 249.6367 250.7265 251.772 252.829 253.8861 254.9431 255.7674 256.5898 257.4914 258.3931 259.2947 260 260 260 260 260 260 260 260 260 260 260 260 260 260 260 260
250 250 250 250 250 250 250 249.7759 249.0457 248.3156 247.5854 246.8553 246.1252 245.395 244.6974 244.1122 243.5504 243.009 242.4676 241.9262 241.3848 240.8434 240.5803 240.4313 240.2823 240.1333 240.2673 240.7774 241.2362 241.6949 242.1537 242.6124 243.0711 243.5299 244.085 244.7514 245.8286 247.0562 248.2838 249.5114 250.6211 251.653 252.7 253.757 254.814 255.6684 256.4795 257.2906 258.1909 259.0925 259.9942 260 260 260 260 260 260 260 260 260 260 260 260 260 260 260
250 250 250 250 250 250 250 249.2818 248.5517 247.8215 247.0914 246.3613 245.6771 245.0193 244.2793 243.6148 243.0401 242.4653 241.8905 241.3157 240.7579 240.2165 240.0473 240 240 240 240 240.1293 240.5881 241.0468 241.5084 242.0785 242.6487 243.2188 243.9252 244.6631 245.6913 246.9308 248.1584 249.386 250.5158 251.5476 252.5795 253.628 254.685 255.5694 256.3805 257.1916 258.0027 258.8903 259.792 260 260 260 260 260 260 260 260 260 260 260 260 260 260 260
250 250 250 250 250 250 249.5179 248.7878 248.0576 247.3275 246.6221 245.9644 245.3067 244.6037 243.8611 243.1185 242.5427 241.9679 241.3932 240.8184 240.2436 240 240 240 240 240 240 240 240.0721 240.6422 241.2124 241.7825 242.3609 243.0989 243.8368 244.5748 245.539 246.8055 248.0331 249.2606 250.4104 251.4422 252.4741 253.506 254.5559 255.4703 256.2814 257.0925 257.9036 258.7147 259.5898 260 260 260 260 260 260 260 260 260 260 260 260 260 260 260
250 250 250 250 250 249.754 249.0239 248.2937 247.5671 246.9094 246.2517 245.594 244.9281 244.1855 243.4429 242.7003 242.0454 241.4706 240.8958 240.3211 240 240 240 240 240 240 240 240 240 240.3463 240.9164 241.5347 242.2726 243.0105 243.7485 244.4864 245.3867 246.6587 247.9077 249.1353 250.305 251.3369 252.3687 253.4006 254.4325 255.3713 256.1824 256.9935 257.8046 258.6157 259.4268 260 260 260 260 260 260 260 260 260 260 260 260 260 260 260
250 250 250 250 249.9901 249.26 248.5298 247.8545 247.1968 246.539 245.8813 245.2236 244.5099 243.7673 243.0247 242.2822 241.5481 240.9733 240.3985 240 240 240 240 240 240 240 240 240 240 240.0503 240.7084 241.4463 242.1842 242.9222 243.6601 244.3981 245.2345 246.5064 247.7784 249.0099 250.1996 251.2315 252.2634 253.2952 254.3166 255.1987 256.0074 256.8162 257.6249 258.4337 259.2425 259.9698 260 260 260 260 260 260 260 260 260 260 260 260 260 260
