sample_data/teren5.txt
ncols         100
nrows         100
xllcorner     -477096.84122662
yllcorner     -1085068.0878617
cellsize      5
NODATA_value  -9999 
[rows 58 to 86 of 100, columns 0 to 65 of 100]
238.7985 238.7994 238.8482 238.8251 238.6158 238.3149 238.014 237.7132 237.3781 236.9935 236.609 236.2244 235.8399 235.4553 235.0708 235 235 235 235 235 235 235 235 235 235 235.5541 236.1959 236.8377 237.4795 238.1873 238.9389 239.6905 240.533 241.4572 242.4764 243.4956 244.5148 245.5286 246.5376 247.5466 248.5969 249.7512 250.4708 251.0709 251.6711 252.275 252.9303 253.5856 254.2409 254.8962 255.439 255.9607 256.4823 257.0039 257.5256 258.0472 258.6314 259.2331 259.8347 260 260 260 259.8996 259.7339 259.5682 259.4026
238.2496 238.2669 238.3297 238.3391 238.1772 237.9154 237.6145 237.3136 236.9787 236.5941 236.2096 235.825 235.4405 235.056 235 235 235 235 235 235 235 235 235 235 235 235.5508 236.2131 236.9647 237.7163 238.4679 239.2195 239.9711 240.8713 241.7775 242.7383 243.7575 244.7767 245.7879 246.7969 247.8059 248.815 249.9374 250.5676 251.1677 251.8163 252.4716 253.1269 253.7822 254.4375 255.0739 255.5955 256.1172 256.6388 257.1604 257.682 258.2037 258.7253 259.2469 259.8421 260 259.9118 259.7462 259.5805 259.4148 259.2491 259.0835
237.7007 237.7484 237.8112 237.8532 237.6913 237.5159 237.215 236.9141 236.5793 236.1947 235.8102 235.4257 235.0411 235 235 235 235 235 235 235 235 235 235 235 235 235.7246 236.4937 237.2453 237.9969 238.7485 239.5001 240.3034 241.2096 242.1158 243.022 244.0194 245.0382 246.0472 247.0562 248.0653 249.0743 250.0642 250.7022 251.3575 252.0128 252.6682 253.3235 253.9788 254.6341 255.2304 255.752 256.2736 256.7953 257.3169 257.8385 258.3602 258.8818 259.4034 259.8808 259.7584 259.5927 259.427 259.2614 259.0957 258.93 258.7643
237.1671 237.2299 237.2927 237.3555 237.2054 237.0434 236.8155 236.5146 236.1799 235.7954 235.4108 235.0263 235 235 235 235 235 235 235 235 235 235 235 235 235.1224 235.8981 236.6738 237.4494 238.2251 239.0008 239.7765 240.6417 241.5479 242.4541 243.3602 244.2814 245.2975 246.3065 247.3156 248.3354 249.3629 250.2444 250.8988 251.5541 252.2094 252.8647 253.5201 254.1754 254.8307 255.3869 255.9085 256.4301 256.9518 257.4734 257.995 258.5166 259.0383 259.5085 259.622 259.4432 259.2736 259.1079 258.9423 258.7766 258.6109 258.4453
236.6486 236.7114 236.7742 236.837 236.7195 236.5575 236.3956 236.1151 235.7805 235.396 235.0114 235 235 235 235 235 235 235 235 235 235 235 235 235 235.2958 236.0715 236.8472 237.6229 238.3986 239.2002 240.0794 241.0225 241.9203 242.8181 243.716 244.6138 245.5728 246.6003 247.6278 248.6553 249.6828 250.4446 251.0954 251.7507 252.406 253.0613 253.7166 254.3719 255.0217 255.5433 256.065 256.5866 257.1082 257.6299 258.1515 258.6731 259.1362 259.2979 259.3129 259.1341 258.9553 258.7888 258.6231 258.4575 258.2918 258.1261
236.1301 236.1929 236.2557 236.3185 236.2335 236.0716 235.9097 235.7156 235.3811 235 235 235 235 235 235 235 235 235 235 235 235 235 235 235 235.4692 236.2449 237.0206 237.7963 238.6546 239.5253 240.4435 241.4106 242.3084 243.2062 244.104 245.0019 245.9193 246.9201 247.9476 248.9751 250.0016 250.6449 251.292 251.9473 252.6026 253.2579 253.9132 254.5685 255.1782 255.6998 256.2214 256.7431 257.2647 257.7863 258.308 258.7639 258.9256 259.0872 259.0038 258.825 258.6462 258.4697 258.304 258.1384 257.9727 257.807
235.6116 235.6744 235.7372 235.8 235.7476 235.5857 235.4237 235.2618 235 235 235 235 235 235 235 235 235 235 235 235 235 235 235 235 235.6427 236.4184 237.2383 238.1089 238.9796 239.8503 240.8076 241.783 242.6965 243.5943 244.4921 245.3985 246.3159 247.24 248.2675 249.295 250.2019 250.8451 251.4885 252.1439 252.7992 253.4545 254.1098 254.7651 255.3347 255.8563 256.3779 256.8996 257.4212 257.9428 258.3915 258.5532 258.7149 258.8735 258.6947 258.5159 258.3371 258.1583 257.9849 257.8192 257.6536 257.4879
235.0931 235.1559 235.2187 235.2814 235.2617 235.0997 234.9345 234.7639 234.6248 234.6795 234.7342 234.7888 234.8435 234.8981 234.9528 235 235 235 235 235 235 235 235 235.0404 235.8219 236.6926 237.5633 238.434 239.3046 240.1964 241.1718 242.1471 243.0846 243.9824 244.8802 245.795 246.7125 247.6299 248.5873 249.6148 250.4021 251.0453 251.6885 252.3404 252.9958 253.6511 254.3064 254.9617 255.4911 256.0128 256.5344 257.056 257.5777 258.0192 258.1809 258.3426 258.5043 258.5644 258.3856 258.2068 258.028 257.8492 257.6704 257.5001 257.3345 257.1688
234.5429 234.6104 234.6778 234.7453 234.7579 234.5933 234.4227 234.2522 234.0816 234.0794 234.1341 234.1888 234.2434 234.2981 234.3528 234.4074 234.4621 234.5168 234.5714 234.6261 234.6808 234.7354 234.7901 235.2681 236.147 237.0177 237.8883 238.759 239.6297 240.5605 241.5359 242.5112 243.4727 244.3705 245.2742 246.1916 247.109 248.0265 248.9439 249.9347 250.6023 251.2455 251.8888 252.537 253.1923 253.8477 254.503 255.126 255.6476 256.1693 256.6909 257.2125 257.6469 257.8086 257.9703 258.132 258.2937 258.2553 258.0765 257.8977 257.7189 257.5401 257.3613 257.1825 257.0154 256.8497
233.9858 234.0533 234.1207 234.1882 234.18 234.0763 233.911 233.7404 233.5699 233.4794 233.534 233.5887 233.6434 233.698 233.7527 233.8074 233.862 233.9167 233.9714 234.026 234.0807 234.2057 234.6367 235.3263 236.472 237.3427 238.2133 239.084 239.9547 240.9246 241.9 242.8753 243.8507 244.7586 245.6707 246.5882 247.5056 248.423 249.3428 250.1675 250.8026 251.4458 252.089 252.7336 253.3889 254.0442 254.6996 255.2825 255.8041 256.3257 256.8474 257.2746 257.4362 257.598 257.7597 257.9214 258.0831 257.9462 257.7674 257.5886 257.4098 257.231 257.0522 256.8734 256.6962 256.5306
233.4287 233.4962 233.5636 233.6311 233.6022 233.4985 233.3948 233.2287 233.0581 232.8875 232.934 232.9886 233.0433 233.098 233.1526 233.2073 233.262 233.3166 233.3713 233.426 233.7019 234.1593 234.6614 235.3844 236.5645 237.6677 238.5384 239.4091 240.3134 241.2887 242.2641 243.2394 244.2148 245.1499 246.0673 246.9964 247.935 248.8736 249.8122 250.447 251.0058 251.646 252.2892 252.9324 253.5855 254.2408 254.8961 255.439 255.9606 256.4822 256.9022 257.0639 257.2256 257.3874 257.549 257.7108 257.8159 257.6371 257.4583 257.2795 257.1007 256.9219 256.7431 256.5643 256.3855 256.2115
232.8716 232.9391 233.0065 233.074 233.0244 232.9206 232.8169 232.7132 232.5463 232.3758 232.3339 232.3886 232.4433 232.4979 232.5526 232.6073 232.6619 232.7166 232.9021 233.1982 233.6819 234.184 234.6862 235.4426 236.6226 237.8027 238.8634 239.7341 240.6775 241.6528 242.6282 243.6035 244.5971 245.5886 246.5272 247.4658 248.4044 249.343 250.1677 250.7265 251.2853 251.8462 252.4895 253.1327 253.7821 254.4374 255.0738 255.5954 256.1171 256.5299 256.6916 256.8533 257.015 257.1767 257.3384 257.5001 257.5069 257.328 257.1492 256.9704 256.7916 256.6128 256.434 256.2552 256.0764 255.8976
232.2862 232.382 232.4494 232.5169 232.4465 232.3428 232.2391 232.1354 232.0317 231.864 231.7339 231.7885 231.8432 231.8979 231.9525 232.0072 232.1024 232.3984 232.7023 233.2045 233.7066 234.2088 234.7109 235.5007 236.6808 237.8608 239.0409 240.0662 241.0424 242.0387 243.0351 244.0314 245.0293 246.058 246.9966 247.9352 248.8738 249.8124 250.4471 251.0059 251.5647 252.1235 252.6897 253.3329 253.9787 254.634 255.2303 255.7519 256.1576 256.3193 256.481 256.6427 256.8044 256.9661 257.1278 257.2895 257.1978 257.019 256.8401 256.6613 256.4825 256.3037 256.1249 255.9461 255.7673 255.5885
231.6927 231.8249 231.8923 231.9598 231.8687 231.765 231.6613 231.5575 231.4538 231.3501 231.1817 231.1885 231.2431 231.2978 231.3525 231.5986 231.8947 232.2249 232.7271 233.2292 233.7314 234.2335 234.7357 235.5589 236.7389 237.919 239.099 240.4618 241.473 242.4694 243.4657 244.4621 245.4845 246.5274 247.466 248.4046 249.3432 250.1678 250.7266 251.2854 251.8442 252.403 252.9618 253.5331 254.1763 254.8306 255.3868 255.7853 255.947 256.1087 256.2704 256.4321 256.5938 256.7555 256.9172 257.0675 256.8886 256.7098 256.531 256.3522 256.1734 255.9946 255.8158 255.637 255.4582 255.2794
231.0992 231.2387 231.3352 231.3945 231.2908 231.1871 231.0834 230.9797 230.876 230.7723 230.6686 230.5884 230.6431 230.7989 231.0949 231.3909 231.7475 232.2497 232.7518 233.254 233.7561 234.2583 234.7604 235.617 236.7971 237.9771 239.6122 240.8422 241.9037 242.9001 243.8964 244.8928 245.9396 246.9926 247.9354 248.874 249.8126 250.4472 251.006 251.5648 252.1236 252.6824 253.2412 253.8 254.3766 255.0216 255.4129 255.5746 255.7363 255.898 256.0598 256.2215 256.3831 256.5449 256.7066 256.7584 256.5796 256.4008 256.2219 256.0431 255.8643 255.6855 255.5067 255.3279 255.1491 254.9647
230.5058 230.6453 230.7781 230.8167 230.713 230.6093 230.5056 230.4019 230.2982 230.1944 230.0907 230 230.2951 230.5912 230.8872 231.2701 231.7722 232.2744 232.7766 233.2787 233.7809 234.283 234.7852 235.6752 236.8552 238.4667 240.1441 241.2226 242.3011 243.3307 244.3271 245.3418 246.3948 247.4478 248.4048 249.3434 250.1679 250.7267 251.2855 251.8443 252.4031 252.9619 253.5207 254.0795 254.6383 255.0406 255.2023 255.364 255.5257 255.6874 255.8491 256.0108 256.1725 256.3342 256.4959 256.4493 256.2704 256.0916 255.9128 255.734 255.5552 255.3764 255.1976 255.0188 254.81 254.5977
230 230.0518 230.1913 230.2389 230.1352 230.0314 230 230 230 230 230 230 230.0874 230.3835 230.7927 231.2948 231.797 232.2991 232.8013 233.3035 233.8056 234.3077 234.8099 235.7333 237.3212 239.0909 240.5245 241.603 242.6815 243.76 244.7578 245.797 246.8499 247.9029 248.8742 249.8128 250.4474 251.0062 251.565 252.1238 252.6826 253.2414 253.7827 254.2232 254.6636 255 255 255.1534 255.3151 255.4768 255.6385 255.8002 255.9619 256.1236 256.2853 256.1402 255.9614 255.7825 255.6037 255.4249 255.2461 255.0673 254.8676 254.6553 254.443 254.2307
230 230 230 230 230 230 230 230 230 230 230 230 230 230.3275 230.8277 231.3278 231.828 232.3282 232.8284 233.3286 233.8303 234.3325 234.8346 236.1757 237.9589 239.7432 240.9028 241.9834 243.0619 244.1404 245.1992 246.2521 247.3051 248.358 249.3436 250.168 250.7268 251.2856 251.8444 252.4032 252.865 253.3054 253.7459 254.1864 254.6268 255 255 255 255.1045 255.2662 255.4279 255.5896 255.7513 255.913 256.0099 255.8311 255.6523 255.4734 255.2946 255.1158 254.9252 254.7129 254.5006 254.2883 254.076 253.8637
230 230 230 230 230 230 230 230 230 230 230 230 230 230.3058 230.957 231.6082 232.1475 232.6476 233.1478 233.648 234.1482 234.6484 235.5299 237.3142 238.892 240.1797 241.1687 242.2531 243.3374 244.4218 245.5311 246.6687 247.7602 248.8132 249.813 250.4475 251.0063 251.5068 251.9473 252.3877 252.8282 253.2686 253.7091 254.1496 254.5901 255 255 255 255 255.0556 255.2173 255.379 255.5407 255.7024 255.7008 255.522 255.3432 255.1644 254.9828 254.7705 254.5582 254.3459 254.1336 253.9213 253.709 253.4967
230 230 230 230 230 230 230 230 230 230 230 230 230 230.2086 230.8598 231.511 232.1622 232.8134 233.4646 233.9675 234.4676 234.9678 236.634 238.0047 239.3755 240.5103 241.4477 242.5189 243.6033 244.6877 245.81 246.9476 248.0852 249.2228 250.1486 250.5762 250.9943 251.4123 251.8304 252.2485 252.6665 253.0846 253.5027 253.9207 254.3388 254.7569 255 255 255 255 255.0067 255.1684 255.3301 255.4918 255.3917 255.2129 255.0341 254.8281 254.6158 254.4035 254.1912 253.9789 253.7666 253.5543 253.342 253.1297
230 230 230 230 230 230 230 230 230 230 230 230 230 230.1114 230.7626 231.4138 232.065 232.7162 233.3674 234.0186 234.6741 235.7467 237.1174 238.4882 239.8589 240.8409 241.7783 242.7848 243.8692 244.9536 246.0889 247.2265 248.3641 249.4546 250.1779 250.5543 250.9306 251.307 251.6834 252.0597 252.4361 252.8124 253.1937 253.6117 254.0298 254.4479 254.8659 255 255 255 255 255 255.1194 255.2614 255.0826 254.8857 254.6734 254.4611 254.2488 254.0365 253.8242 253.6119 253.3996 253.1873 252.975 252.7626
230 230 230 230 230 230 230 230 230 230 230 230 230 230.0142 230.6654 231.3514 232.0502 232.749 233.4478 234.1466 234.8454 236.2242 237.6009 238.9716 240.2341 241.1716 242.109 243.0506 244.135 245.2302 246.3678 247.5054 248.5752 249.6098 250.2344 250.6107 250.9871 251.3635 251.7398 252.1162 252.4925 252.8689 253.2453 253.6216 253.998 254.3743 254.738 254.9297 255 255 255 255 255 254.9434 254.731 254.5187 254.3064 254.0941 253.8818 253.6695 253.4572 253.2449 253.0326 252.8203 252.608 252.3956
230 230 230 230 230 230 230 230 230 230 230 230 230 230.014 230.8239 231.5227 232.2215 232.9203 233.6191 234.3179 235.0377 236.6096 238.0844 239.4551 240.5648 241.5022 242.4396 243.377 244.4009 245.5091 246.6467 247.6958 248.7304 249.765 250.2908 250.6672 251.0436 251.4199 251.7963 252.1726 252.549 252.9254 253.3017 253.6781 254.0372 254.3485 254.5888 254.7031 254.8175 254.7533 254.6653 254.6106 254.556 254.5013 254.3473 254.1517 253.9394 253.7271 253.5148 253.3025 253.0902 252.8779 252.6656 252.4533 252.241 252.0286
230 230 230 230 230 230 230 230 230 230 230 230 230 230.0441 230.8667 231.6893 232.3929 233.0916 233.7905 234.4893 235.423 236.9949 238.5669 239.9386 240.8954 241.8328 242.7702 243.7076 244.6667 245.7819 246.8164 247.851 248.8856 249.9202 250.3473 250.7237 251.1 251.4764 251.8528 252.2291 252.6055 252.9818 253.3364 253.6477 253.959 254.1914 254.3622 254.4766 254.5522 254.4619 254.2211 254.1035 254.0488 253.9941 253.9298 253.7401 253.5504 253.3601 253.1478 252.9355 252.7232 252.5109 252.2986 252.0863 251.8739 251.6616
230 230 230 230 230 230 230 230 230 230 230 230 230 230.0742 230.8968 231.7194 232.542 233.263 233.9618 234.6606 235.8084 237.3803 238.9523 240.2886 241.226 242.1605 243.0682 243.9759 244.8837 245.9371 246.9716 248.0062 249.0408 250.0274 250.4038 250.7801 251.1565 251.5329 251.9092 252.2856 252.6357 252.9469 253.2582 253.5634 253.7935 254.0213 254.1357 254.2465 254.2608 254.1706 253.9298 253.6889 253.5416 253.4869 253.4322 253.3227 253.133 252.9433 252.7536 252.5639 252.3562 252.1439 251.9316 251.7193 251.5069 251.2946
230 230 230 230 230 230 230 230 230 230 230 230 230 230.1043 230.9269 231.7495 232.5721 233.3947 234.1331 234.8319 236.1938 237.7657 239.1937 240.3863 241.2975 242.2052 243.1129 244.0206 244.9284 246.0352 247.1268 248.1614 249.196 250.0839 250.4602 250.8366 251.213 251.5893 251.9349 252.2462 252.5574 252.8687 253.1655 253.3956 253.6257 253.7947 253.9091 253.9551 253.9695 253.8793 253.6384 253.3976 253.1568 252.9797 252.925 252.8704 252.7155 252.5258 252.3362 252.1465 251.9568 251.7671 251.5646 251.3522 251.1399 250.9276
230 230 230 230 230 230 230 230 230 230 230 230 230 230.1344 230.957 231.7796 232.6022 233.4248 234.2474 235.0072 236.491 237.8593 239.2277 240.4097 241.3422 242.2499 243.1577 244.0654 244.9731 246.0906 247.2144 248.3166 249.3512 250.1403 250.5167 250.8931 251.2341 251.5454 251.8566 252.1679 252.4792 252.7676 252.9977 253.2278 253.4538 253.5682 253.6494 253.6637 253.6781 253.5879 253.3471 253.1063 252.8654 252.6246 252.4179 252.3632 252.2981 252.1084 251.9187 251.729 251.5394 251.3497 251.16 250.9703 250.7729 250.5606
230 230 230 230 230 230 230 230 230 230 230 230 230 230.1645 230.9871 231.8097 232.6323 233.4549 234.2775 235.1697 236.525 237.8933 239.2617 240.4331 241.3737 242.2946 243.2024 244.1101 245.0221 246.146 247.2698 248.3937 249.5064 250.1968 250.5333 250.8446 251.1559 251.4671 251.7784 252.0897 252.3697 252.5998 252.8299 253.06 253.2273 253.3416 253.358 253.3724 253.3867 253.2966 253.0558 252.8149 252.5741 252.3333 252.0925 251.856 251.8013 251.6909 251.5013 251.3116 251.1219 250.9322 250.7425 250.5528 250.3632 250.1735
230 230 230 230 230 230 230 230 230 230 230 230 230 230.1946 231.0172 231.8398 232.6624 233.485 234.3077 235.2343 236.559 237.9273 239.2957 240.4565 241.3971 242.3376 243.2471 244.1548 245.0775 246.2013 247.3252 248.449 249.5398 250.1438 250.4551 250.7664 251.0777 251.3889 251.7002 251.9718 252.2019 252.4319 252.662 252.8864 253.0007 253.0523 253.0667 253.081 253.0954 253.0052 252.7644 252.5236 252.2828 252.0419 251.8011 251.5603 251.3195 251.2394 251.0838 250.8941 250.7044 250.5148 250.3251 250.1354 249.9496 249.7738
