sample_data/teren25.txt
ncols         20
nrows         20
xllcorner     -477096,84122662
yllcorner     -1085068,0878617
cellsize      25
NODATA_value  -9999
251,7032 255 255 255 253,3268 248,9145 246,2134 247,3408 251,8325 256,6241 259,1787 260 260 258,7994 256,427 254,1719 251,1814 249,3312 248,2258 247,1205 
252,9083 255 255 253,1156 250,3842 247,1253 245 245,9747 252,0541 257,3216 260 260 260 260 257,6634 254,4309 251,446 248,8128 246,7672 245,5736 
253,1367 255 253,2236 250,2108 247,5586 245 245 246,3655 252,3831 257,8676 260 260 260 260 257,7634 254,4694 251,5148 248,7701 246,5147 244,5167 
250 250,3573 250,0457 247,4126 244,69 244,0768 244,1197 246,7769 252,7269 258,2882 260 260 260 260 257,706 254,354 250,967 248,3746 246,2417 244,2605 
250 250 247,1133 244,2627 241,6465 241,2223 243,2845 247,1909 252,9581 257,6936 260 260 260 260 257,6873 254,0606 250,4153 248,1264 246,0232 244,0729 
250 248,2937 244,9281 241,4706 240 240 242,2726 246,6587 252,3687 256,9935 260 260 260 260 257,5963 253,9182 250,674 248,089 245,8047 243,8853 
249,3482 246,3729 242,8923 239,6066 239,2443 239,0429 241,7352 245,8973 251,5274 255,9438 259,5323 260 260 260 258,1701 254,5404 251,5981 248,7915 246,1583 243,8261 
247,0935 244,492 241,0143 238,6766 237,8297 238,2739 240,9655 245,1029 250,4184 254,8358 258,1848 260 260 260 259,2023 255,4871 252,4992 249,8252 247,0258 244,3492 
245,0634 243,1457 240,017 237,5249 236,415 237,8271 240,1959 244,5446 249,3551 253,674 257,0097 260 260 260 260 256,5437 253,6658 251,1762 248,5232 245,6954 
243,0408 241,4777 239,1307 236,4311 235,0937 237,181 239,6467 244,2721 249,4952 252,8666 256,2289 259,2739 260 260 260 257,6591 254,7764 252,3907 250,0159 247,5383 
241,3542 240,0924 237,8144 235,2176 235 236,8579 239,8545 244,3989 249,7886 252,9866 256,145 259,1889 260 260 260 258,5896 255,9131 253,4777 251,1681 249,0701 
239,3667 238,1127 236,2393 235 235 236,8411 240,1947 245,2693 250,374 253,389 256,3258 259,2257 260 259,5162 259,4294 258,4618 257,0628 254,5646 252,3204 250,1663 
236,7742 236,1151 235 235 235 237,6229 241,9203 246,6003 251,0954 254,3719 257,1082 259,2979 258,6231 257,8853 257,8041 256,9231 255,8777 255 253,4397 251,3185 
234,1207 233,7404 233,6434 233,9167 234,6367 239,084 243,8507 248,423 252,089 255,2825 257,4362 257,9462 257,0522 256,2544 256,1787 255,3843 255 255 253,5239 251,6351 
231,3352 230,9797 230,6431 232,2497 234,7604 240,8422 245,9396 250,4472 253,2412 255,5746 256,3831 256,4008 255,5067 254,5916 254,5131 254,8375 255 254,7087 253,6854 252,0406 
230 230 230 232,8134 236,634 242,5189 248,0852 251,4123 253,5027 255 255,3301 254,8281 253,7666 252,8197 252,7237 252,8868 253,093 253,5256 252,8406 252,0452 
230 230 230 233,263 238,9523 243,9759 249,0408 251,5329 253,2582 254,2465 253,5416 252,9433 251,9316 251,0479 250,9263 250,9362 251,2882 251,7208 251,7663 250,985 
230 230 230 233,5151 239,3297 244,1996 249,3248 251,3107 252,4942 252,7896 251,9914 250,7873 249,9143 249,1155 248,9653 249,0082 249,4606 249,9123 250,3486 250 
230 230 230 233,7141 239,1866 243,7387 247,9457 250,5047 251,2611 251,3328 250,5347 249,2548 247,9788 247,1844 246,8304 247,1203 247,5764 248,0281 248,6229 248,9789 
230 230 230 232,8392 237,0238 241,4532 245,2583 248,6638 250 250 248,9695 247,6332 246,2928 245,2595 244,6989 245,2323 245,6922 246,4022 247,1289 247,715 
